# book v1 (rank.exe bookgen)
# a (line owner): ab(d8,tt,ord,nb2m)@1.classic(t1,c4,w0,l0)@2
# b (target):     ab(d6,tt,ord,nb200k)@1.learned(s98,5801570e)@1
# board boards/board1.txt, max half-moves 60, A-won replays kept 29 of 32 (replay drift vs stored result: 3), entries 553, move conflicts 2
000b4d8f51dcc5d7 1 4 1
002812e2814af4f2 1 4 0
00aa4393d6d3b78d 6 4 5
00eda84ca1336223 1 5 0
01ef2d17ee7e561d 0 3 1
0219073b9f01c09a 2 4 1
032b21a207ce032d 1 5 2
032d78b6af952c00 3 2 4
032ebadf126a7675 1 7 0
032f3c823f168583 3 1 2
0373c51e3b5d7289 2 4 3
04e6cfa909eadeca 1 4 1
0556d41e688bbcf2 3 3 3
0557234dc990fb54 3 1 2
06c52d8fe5f0c6b4 0 4 0
07d7e22259914a81 1 2 0
08fb95dd9677bbc8 2 0 1
094282d2505ea367 1 4 1
0a587f617cc2e709 3 4 2
0a591d92afbdcdec 3 7 2
0a9999da007e7e13 1 4 2
0bc029f49806a4c8 1 2 0
0c061f9b20eed3c5 1 5 0
0c0df45157c05a99 5 3 4
0d16d7f67e9a5133 2 3 2
0d7eebc1175adff0 1 2 0
0e127236426ba14b 1 5 0
0ebaa1d46b80780c 2 3 1
0ee407f4dc87a41c 0 3 1
0efc08c180d17c93 2 6 1
0f0cbe204c79235c 2 1 3
0f839eaaa3017ef7 2 2 2
10c3e9b6af45f9dc 2 5 1
12a207e7340c2937 1 5 0
12c05768bb42be44 1 1 2
13396e477ab8cbca 0 3 0
1366953816ed28f1 4 4 4
136fdbc24b326632 0 5 1
139bf4512eb16a5a 0 4 1
14abb8e150c99054 1 2 0
15def0b6e89889b6 0 5 1
1615b762b8d43e9b 0 7 1
16acfe0622a9ba1a 4 4 5
16e72b7c26c2950d 2 2 2
16eeaf53a2cbdb78 6 6 5
16f96e7806f13ed9 0 5 1
17aef4074499e34a 0 6 1
17bd27f318a5b47f 1 6 0
17d97f2614933491 1 3 0
1811839542ee7e15 1 3 0
18585e0366254268 1 4 1
187e4089b58b21bc 0 3 1
1882daf13cb00918 6 6 5
18bd4b21dd656db1 1 3 0
18fb72adfca90cec 7 6 6
1914efdfa3d9e26a 3 6 4
191f22940f2c637c 3 5 2
195afd88d349080c 2 2 2
1965b22c5a2a5911 0 5 0
19ccbcc1ffd08c39 7 6 6
1a2400e47055bafc 3 3 3
1bb569551107d47e 2 2 1
1c743fee1e7b3b72 1 0 0
1c846623fbad78d4 1 4 1
1e298788fc1ac26d 3 2 2
1e55ff4a7d110381 1 3 1
1eb8c150b1869a99 1 2 0
1ef9cee2e2b8cd88 1 5 1
1f36e37000e771c1 0 4 0
1f7652a329949861 0 3 1
203d9767d64113a1 2 0 1
205ca6d026cd6a1d 0 4 1
20ff99448208870d 0 3 1
21d5bbb883b269c4 2 0 1
220313ca660db3eb 1 6 2
22c5512558cbeda0 1 4 0
22e12f401169a8d5 3 6 2
2376ab1fca504572 0 5 0
246fec85c679f84e 2 5 1
24c69a57a8e02744 0 3 1
253829f2f378535e 4 6 3
253d8766d478bfa0 0 3 0
264a99af00c019fb 1 4 2
264eaf5dd5193a43 0 4 0
26e7be545da52879 0 0 0
27913d45a847d055 4 6 3
27f43097bc2235c9 4 2 3
288bf724919eb018 1 4 2
288c2061d8e925a6 4 7 3
28b8d08dea9aa465 0 5 1
29479e60138d71e9 0 3 0
2a54c01a0c4530ab 4 3 3
2aa8b57bd4db0ec6 1 2 0
2b68676d8fd8d0a8 0 4 0
2b6ebb92209bb177 0 4 0
2ba686b0127b46aa 0 7 1
2c553d67cf8ec0d8 3 5 2
2c6986ac470121bf 1 6 2
2f08982f82968ddb 0 4 0
2f1261bddb0c95f4 2 3 3
2fb856e54deb9793 3 2 2
3037315a8c01d087 3 1 2
30da52efbc742ef8 1 7 2
313a946fe7ef6e53 0 4 1
315ac5d8a640d327 0 5 0
3261f4d105a73061 0 7 1
32ec259ca872020b 0 4 1
34a8e34fb69335e2 2 5 1
35eacde85aba0e39 2 3 2
35f43dd4241614e9 2 4 1
36dc7ae6e3eaf68b 3 4 2
376a30c104cf1a55 3 5 3
38b8e77459bfe9b4 3 6 4
38ce6d39e428b0af 1 5 0
390c992eb221c8d0 1 5 0
39d9e47c3e0f4637 0 4 0
3b2dfff31e59392a 2 2 1
3c4a7fe99eeca0dd 1 3 1
3cdece0b415e2abb 3 1 2
3d862e47dd233bcd 0 3 1
3e121bfda8c183ed 5 2 4
3f323ce0fd22a9a4 2 7 1
3f593be221551f5f 0 2 1
409e433121d59fa6 0 5 1
40c874a216cb36f1 2 6 1
40d77be8ef9985d1 1 3 1
40ee49d8b0f61a5e 0 1 1
4100f7f09b2661f0 0 4 0
4224b7b559c93c95 1 7 0
4239887c475cd8da 1 5 2
423d50992e1a4537 1 2 0
438982f19cf96ea7 1 2 0
43b9793c12762e39 1 4 1
43e535f7a4db608c 3 0 2
443fd197cc739f91 4 4 3
44b31614f4eb7975 4 6 3
4511d9f8d3f8ec62 0 3 0
45b18d0f4666332a 5 6 6
45f5b4f8af340e69 3 4 2
460ece6d9302475e 3 2 2
46715959291603a3 2 7 1
47e059e2d70c9bbd 0 2 1
49a4fce1a633306c 2 5 3
4a073249c65d233a 3 5 2
4a0e750ae9b29665 4 6 5
4a7eeba903f9c282 0 4 1
4b14a5d8b6136e78 1 4 0
4b5f19472fc45224 3 1 2
4b6f25882691e7c5 1 3 1
4c73576cf1869515 3 1 2
4e2b4e698b4e81af 2 4 1
4f6a90d55c5fa921 0 0 0
5188cfc9d6f453ab 0 2 1
51b45a6409f3c128 1 3 0
524a0b743a6378eb 0 2 1
52d61e1f395609f6 3 6 4
52ebd3f139dd6074 2 1 1
535f9ac328cb1eb7 2 6 1
538eaf6692f1f6bb 4 6 3
53d50fea3cf6aa0a 0 0 0
53e52e8af1f98db7 0 7 1
545548d33e6c42ed 2 4 2
54be354470946f03 0 1 1
556a4c2dd7cf1c7f 4 5 3
55ca10d8c95bf6e5 3 2 2
562323615e0671be 7 6 6
565f6f58d7062e65 2 2 1
569a3fdd1f02526e 2 7 1
569b3ecbfc80b1e3 6 6 5
56bea29a21e865a8 1 3 0
56fa55f7958d778c 5 6 4
5729ffb5180e2864 6 5 5
5749d3bc389a0436 2 1 1
578efc61771b8e9b 1 4 1
58866cf5d13f7e19 6 5 5
591de5b12e351e49 3 4 2
59a59a2b04a3dec1 0 3 1
59f36cd23536c40c 0 4 0
5a1c140f39daabad 2 3 3
5a30aef94431a4fa 3 7 2
5a80e7eeb8ee19ba 1 4 0
5c16139db25ebf67 4 5 3
5c250facdc497613 1 6 0
5cfc2f43fa1ed7b6 0 2 0
5d1ca466980555e3 7 4 6
5d7aa36e863b5eb6 1 2 0
5e2b5f18cfffe486 4 0 3
5e437ddd36ca78f0 1 2 0
5e4c82f59431db89 0 7 1
5ffcacfe6a31b5d8 2 0 1
607f5a8b3e6e3701 0 6 1
60a6620f7a65afdc 2 3 1
60d878e9d529f3f9 5 5 4
6163e2fe7aa70742 6 5 7
616c32676226f0de 1 0 0
616c6874f7f5eac2 0 5 1
616ec5f8fad02a8a 5 6 4
619ff33002296da4 0 4 0
6208575e17090bdb 1 4 1
62f88205c94706c7 6 6 5
636d094cf8cfe58b 1 4 2
63ad39d61ae3cb7f 0 4 1
63c6c393a960545a 4 2 5
64759731defafef2 1 3 0
6496f9520fd95650 1 2 0
64ab476284e68eb7 3 5 2
6622a9dc0ecaace2 0 5 1
66e8c959c169bcdf 1 5 2
6717ffff1bf40aa1 2 4 1
6794831ee4fd046e 2 5 1
68393fa4c16d9ec9 1 3 2
68839f6e33a2a26d 0 4 1
68cda377db5fe50c 0 4 0
68f46b40dda18c79 1 5 0
691386129cc1fe27 5 1 4
691b80712ec6a8f3 3 4 4
6929cb3bbf4ef178 5 5 4
693a2a475f0ebf59 1 4 1
69a40cd8f7a3087e 1 1 0
69a86dd4fddedd3d 3 3 3
6a1584805369c306 3 2 2
6bbdc1d0e4efbfb3 3 2 2
6be6659d151dc5a8 1 5 2
6c78c56bea7750a1 0 4 1
6cb13540bc870651 0 3 0
6d015bb66564d28f 2 4 1
6d852404796cb92c 3 1 2
6dafedaf025a0610 1 3 2
6e6dd2d0b9284199 0 2 1
6e72e1bf0eba869d 0 5 1
6f30b49941307922 2 6 3
6f331237fb45f283 0 2 1
6ff02280fda761e6 1 4 0
7011cc68edca70aa 0 3 1
707832f5d43a69a4 6 5 7
709324ca9a9254ef 3 3 4
70b1c1fc1a47d2b4 2 3 3
70ba43812a6938c9 4 4 3
71a66020121350cb 0 5 0
71e058611484535d 0 5 1
72813cca6e86b873 0 4 0
729d2bd51150a5f3 2 3 1
7397f59815828c91 1 5 1
73c38fa964317ac1 2 0 1
73d3dd78406ea278 3 6 2
73d67165cd4826a4 1 4 0
743a4093a6b33ad8 2 6 1
74d759dd992c4d36 3 0 3
75054c247d7edffd 3 4 2
75a30ce293e69e64 3 5 2
75a4b189e37adea7 2 3 1
75a7cc0efa20f3e1 2 0 1
76945fac02b5cfd6 4 6 3
772795d10165a1cb 2 3 1
773168427ff774ad 2 3 1
77b65b62a91a39c9 4 5 3
78faac55a3a589f8 4 6 3
791e4773bc6092d4 0 4 0
79c13434bfccc56a 0 7 1
79fa9be3ff9cfcb4 2 3 1
7a0e3662a91b97db 1 5 2
7ab8469400a00550 3 7 2
7b376fcc024c1592 6 3 7
7ce67c1651b72e2e 5 5 4
7ce921c28533254c 4 6 3
7f24441ea1ae954c 0 3 0
8045593b0f88cb85 1 2 0
808dc9732e0352be 0 2 1
81022c71e63be204 3 2 2
814e8b479108593f 2 7 1
8263e9325d72423d 0 3 1
83037c82092ed84b 3 3 3
832f0a41828a26c7 1 2 0
851fbbbbd762637c 2 1 3
85b4bbf708b189b2 3 3 2
868fbe7d1b378c47 0 3 0
86abd6b29d937854 6 7 7
870927e6fa9bb89e 2 4 1
876285da5d88cc96 1 2 0
87df5a2a5b9dceb2 1 1 0
88235eb60700e3ae 2 6 1
887eec284425fc02 3 2 2
897501374a98b061 3 4 2
89b581260eca514a 2 5 1
8a445419d00aab6f 5 5 4
8a77836293221db1 2 5 1
8aef55dff8249db6 2 5 1
8b9cf726113eb4fc 4 2 3
8bd8de40222091dc 5 6 4
8c01d28b1a62f8c2 2 2 2
8dccbade18ec140d 0 0 1
8dce3556bc393fe4 1 4 0
8e077d821d732c73 2 6 3
8e85de002ea8a639 3 4 3
8f5ecb2a544ad078 2 2 1
8f7816eb62e791a9 0 1 1
8f83d65feccca92d 2 0 1
8fb592bfee77be45 6 3 5
906b7d599d39b42a 2 3 1
90bb48c047f8f647 1 3 1
90f3bb6ddd50cdde 5 4 4
916214dc79b2967c 1 2 0
917819b757d2f1d5 0 3 1
91a7efe88d8d49e1 1 4 1
91bec751e05b259c 2 1 1
925137e693ab69c5 2 6 1
92d18bfc649c5e1e 1 5 1
934ecddeaee4668f 1 5 0
936de94e6d915b10 2 5 1
93709ef3e0ece774 1 3 1
9385521fd8e1a212 5 5 4
941bc060d712d72e 0 3 0
94aa008e95615312 3 0 2
96472b055d29679d 0 4 0
9723cef8c7deee37 2 4 1
973b7d22673c80bb 1 5 0
976f130415402109 0 7 1
99319357b67c53b2 1 3 2
995e9afca5625c11 1 5 0
9981be847bf6902c 1 3 1
9a61b65bd6ee7494 5 6 4
9a746905310f2903 1 5 0
9a77a5931a17511d 1 6 2
9b2e7aa1069ee997 2 1 1
9b5fa2b618860650 4 4 3
9c4c421d7710d5f0 0 3 1
9e42cd453bedef2e 0 1 1
9ed6d40912a1774f 4 7 3
9f37b9c77490b15a 1 2 0
9f68504d43502378 4 1 3
a04a815c41084fa4 3 3 3
a0c2f5b7fd29b483 1 5 0
a102f2a0c963b738 0 3 1
a17d2e07b8c65648 1 6 0
a1fdc97423e4b023 0 1 1
a235e67a7f34d42d 2 0 1
a2e5d539038c1a74 4 3 4
a2fb2a58e2ef2111 3 6 2
a2fc7c5bf7d513b8 5 7 6
a3af955f09f43645 3 5 2
a3be3b29f64de7f5 2 6 1
a4f6f560c4c8bae1 0 4 1
a56e65667cc7314a 2 3 2
a627b60184415935 1 2 2
a638499f4f83ab8c 4 2 4
a665522b7dfddcba 1 4 2
a6eee54b7e61a187 1 3 0
a72c2a1d9e21c760 0 3 0
a756565a6278bdc8 2 7 1
a77b853d8eac9454 1 0 0
a7a05c21c57fea0f 6 1 5
a7aca8d5b50cfefa 0 3 0
a8d8dda2122311d8 3 4 2
aa54ed37df65d4c0 0 3 1
aafb1feef21ffe77 3 5 2
aaffc744435e5f1e 1 4 0
ab28887506445a93 5 6 4
ab8e5dd2fd340300 2 3 1
abcbe01a6c5bed9a 0 3 0
ac747f84e779e32c 1 0 0
acda909c62bd2610 2 5 1
ad07137720033d1d 1 6 0
ad8d1fd0baa01c40 0 4 0
af2c369957eb8b83 2 2 1
afa0970049160822 1 2 0
afb3ab35e6332413 5 4 4
afcd4f2911d761a1 4 1 3
b015af202306bae4 0 3 1
b07dff1b0aefbcb9 1 4 2
b0acf344c668b989 1 0 0
b0d31d222377f7dd 2 5 3
b1017115b0124bd0 2 4 1
b15479a830818a1e 1 3 0
b15cc711c3227737 1 2 0
b18c0926d6bc93b4 2 3 1
b1d0eba95618290c 1 5 0
b28630fb05f61a5d 6 5 7
b2864046966d1e77 0 0 1
b2a91b998ab16026 0 4 1
b4e236868963492c 4 6 3
b5a9a4238cbd4c77 3 2 2
b5aac39412c72458 1 3 0
b5d5c3d27969511e 3 5 2
b63ee047ddfc2488 4 6 3
b6cec1949464e282 1 2 0
b725191a88b6c746 2 4 1
b73f124ebd809269 1 0 0
b77a63eab8c46b6c 0 1 1
b8874a1ce0a43d0e 0 0 1
b99f81c1cca69d02 4 1 3
ba04ad080f5fcd4d 1 4 1
bb15a155faad2171 4 4 3
bb872f9d8d4ea58a 1 0 0
bbd8d71c34ae4dbd 0 6 1
bcacd8c960648517 1 4 2
bd3049aec019fcc4 3 4 2
bd6b04c1d9aa9c6e 5 1 4
bd7b020aded4145d 4 5 3
be1ea5cbb639350c 2 6 3
be5a393b52266074 2 1 3
be68c9d375281573 1 2 2
bf40972592564cb7 1 3 0
bf83e352f322f550 3 5 2
bfdac201c7adc39c 3 6 4
c01b0092b0bb17dc 7 6 6
c02789c6ba84c086 4 3 5
c0497a88a0c02507 0 4 0
c05595105f53a8dc 2 4 1
c0e044bb7269e110 2 4 3
c10596f5a77633f4 2 7 1
c1367a77d72a8ead 2 6 1
c1c550323cc537f0 3 5 2
c21555fc77f3ff13 1 6 0
c22db52a78460942 1 1 2
c3220f2f2b795f1d 0 4 0
c357cf71d491dd36 1 4 0
c35a664cba6bbf27 7 5 6
c38391235ec07569 0 3 0
c3b836b0410e6426 3 5 2
c3fdbbc6aef11540 4 5 3
c40cda9ba7aa2dae 5 6 6
c45b05868359b593 0 5 1
c4eb061fff9c1ffd 0 0 1
c5dd966832103769 1 6 0
c609e66f1a85279c 1 4 0
c60f30785bd4d4bf 0 3 0
c678acbd69bb2cb0 0 4 0
c72bced6ead33fb6 2 1 3
c84e4340c9e64bb3 0 1 1
c85e90e532634e40 4 1 3
c8823769cede6c3a 1 3 0
c90e9578d96ba8e2 2 3 1
c9cba1bfba225d06 1 4 0
cb62761be50feae2 1 2 0
cb877b960db6f956 1 3 2
cbb5bdfb601d9e4f 1 4 0
cbe6e5baf39459fc 2 3 3
cc1435e6434b7c73 1 4 0
cc16bb1b83617bf7 1 5 0
cce861b67565e59f 5 3 4
cd27e2e24d4ce6d9 3 7 4
cd27f0196ac5a047 3 6 4
cd6923f1e8a0c2ad 2 0 1
cec13a70bafc0f50 1 2 0
cfa4823f3657799c 2 7 1
cfc1046f2b9bb095 1 4 1
cfdd4e907c6d830a 1 1 2
d012478d95468b12 1 0 2
d01932ec4a351443 0 3 1
d0201dd90b8773d0 3 2 2
d0d4c2bb11310272 2 3 2
d0fa284093798dc6 0 7 1
d1002d2cb598bd82 4 5 3
d16efa70015894dc 0 2 0
d25b05dc84e21fa6 3 3 2
d2a5e9251be1379e 3 1 2
d3028e99db286d5c 3 2 4
d313923375c8dfe3 1 6 2
d43e7c37a9983e22 5 1 4
d4467b5033124064 2 1 1
d48df1907afa1c43 6 6 5
d4ba089fdfda2c21 3 5 2
d5033611be69d53c 1 6 0
d5062c092982eb46 0 7 1
d50ad42fe33630b0 4 1 3
d5b5d985cb9c6e11 0 3 1
d5e2c8f9017337f0 0 5 1
d753d1ee365ade02 1 5 0
d802817746b0f976 4 5 3
d8338b1d21ee985a 1 4 1
d8686bcfc27c27fb 1 2 0
d874c243cb0ed2f7 1 2 0
d8a0a8e98953a6f3 1 5 0
d8d6d294a0e2a21b 4 6 3
d98854c67cd0720d 3 6 2
d99b18ba3e358089 3 6 2
db18905312dfda43 4 2 3
db38565250d30ef8 5 6 4
dc6d8f2ea32ff327 0 3 1
dd598028f9e50908 0 2 0
dd94427cafc882d6 4 6 3
dddb4b4a7f281dc1 1 1 0
de164dc68f30185d 0 4 0
de59b346c1cafb36 0 3 1
de89e157be53e4fe 1 2 0
dec472209ccafd06 4 5 4
df5c17a0f463fb2a 2 1 1
dfae7fcca646df41 0 4 1
e024f1ec350d79df 1 4 0
e0451f9bbe7d8eb3 1 5 0
e0fa6fd506e1c8ba 1 1 0
e18438097172e7e6 3 6 4
e1f1a83c69f3fbec 4 1 3
e1ffd5b81879c4cf 3 6 2
e23887fde5eace0c 0 7 1
e2d354dfd43263a4 0 3 1
e36ab5c229b06b20 2 6 1
e3ab34c082dffecc 7 6 6
e3edf9f3a7a886f2 1 4 0
e40cd94b5f22871e 3 2 2
e423ac4b53800cc0 0 3 0
e44200edb9051f04 0 2 1
e4f524c6b87234b3 0 5 1
e56534c68eb1f079 2 2 1
e5f6b6c715d35a2b 2 3 1
e63cc790ba782d72 1 2 2
e6b29d9fc7ad03a9 1 4 1
e8e7910f3f8ccfb0 1 5 1
ea81adc8fddb5f54 0 3 1
ea9c9ab3513784ea 3 3 3
eb492ec79974ddd3 3 0 2
ebeb23f80fe4853b 0 7 1
ec2b87e59d2f9772 7 4 6
ec765790816702db 1 4 0
ecd6356e5d323c2e 5 6 4
ed457dc2e0b0218d 1 3 0
ed5e4dd8f1277b7e 2 3 3
eea0876a06f73513 2 6 3
eeaedbafb55dddc9 1 7 2
ef523881c08afe58 0 0 0
ef87eff97aec8d19 0 3 1
f01b8a07146095b6 1 3 0
f07876de5c0af2af 6 6 5
f17b542f8a6aced7 1 3 0
f1bc031bd87f24b8 1 7 0
f24a756514df4b41 5 5 4
f3b808b0795c16c9 1 4 2
f3ff25127a00e7d2 1 4 0
f4026e7b284c8a16 4 3 3
f4f2a0db39412fda 1 1 0
f509aadba7cb5cdd 1 6 0
f53d54597a33bbba 1 2 0
f576bcdd19c85948 6 6 7
f69e59a04cbef156 2 0 1
f886d21b19dbe19a 5 1 4
f8b814b70d56330c 3 2 2
fa73d5cf0920d5a2 1 1 2
fb5c5a4c4cd6a2a4 2 3 1
fb65bbfb981352fc 0 3 1
fb855a97631ba3d6 1 5 0
fb9f1e3c1990c52f 1 3 1
fbf1a6bebfc05dd3 0 3 0
fc78dc6ca524befe 1 0 0
fc7b985ddca7df68 1 5 0
fc9b254747c4b15a 2 0 1
fcc40263d4f0987e 3 2 2
fcf96526432b07cf 0 0 0
fde919fd07dffdb6 2 4 2
fdef3d399d338a9a 2 1 1
fe02ad0d40afa02a 1 3 0
fe5395583a3df328 4 4 3
fe7415da168491e2 1 2 0
fea247676fc13f6f 5 6 6
